((-0.042663364553070716, -0.015075851044281385), (-0.7778975730334873, 0.6004246545402068))
((-0.2989303958592545, 0.06458234870884134), (3.5458780107092633, -9.076006229493583))
((-0.4486133069570752, -0.10347644482294116), (5.07613966480049, -7.682565479868577))
((-0.5481732702317053, -0.1873070630860684), (1.3568474018118941, 4.480373136041635))
((-0.5118861524835, -0.14321921167669982), (4.283372672369133, -3.5297214632952745))
((-0.2734338595935689, -0.06645789728515865), (-1.2042304430123811, 0.11779725805411712))
((-0.04020964953420984, -0.04141634046696103), (-0.6263956038688421, 0.1388424438917768))
((-0.06800522221462614, 0.0005744026705625445), (-1.3365164159302523, 1.3432782841681146))
((-0.27255680734294896, -0.023581229855625233), (0.5495127733207346, -3.729383304899117))
((-0.5377615313597844, -0.1550746283936074), (4.4695986980874185, -2.9936579349511696))
((-0.4303945709721242, -0.22567592352677115), (-10.208334303996631, 26.444042257637904))
((-0.4694256841708334, -0.15471196796466505), (0.3855764167684672, 3.770041803864565))
((-0.48121639555653656, -0.050664647902061086), (13.174896293824046, -24.91363268685881))
((-0.21886489404070586, 0.029369026729696504), (-2.9001817587095093, 2.491318179743261))
((-0.047176352099858, -0.015373755743911033), (-0.8652734106601072, 0.6842935580427865))
((-0.08110054366546986, 0.01208797431327612), (-1.6386258779218141, 1.7809255115377005))
((-0.21062456544518302, 0.05876684431615287), (-2.461068517578089, 1.3251941004760592))
((-0.35435121266141495, -0.12029338384564232), (-2.5674486027705408, 6.2242477969858125))
((-0.471728208482314, -0.20130511016548838), (-4.883742739407113, 15.853668269724569))
((-0.501913895497954, -0.21748894620209086), (-4.939685909187435, 17.1010816069128))
((-0.5598638234634044, -0.16357100183101259), (4.817910052183743, -2.966660531312588))
((-0.5784684923713906, -0.12253231626400625), (10.704866426723793, -15.680885946398309))
((-0.5506870152206209, -0.10992503709110012), (10.490823373634571, -16.224335584519828))
((0.3307455581234582, 0.0005548228136818307), (-3.9725939242152997, 9.208947623316295))
((0.05206694301231522, 0.10370878723556405), (7.059654609056961, -14.432200723410153))
((0.04149290036628314, -0.030719188375412456), (0.9346328003715938, -1.2962590859269492))
((0.07598054009167818, 0.04352771459137991), (1.3199354445421512, -0.8075271883724267))
((0.421379946706642, 0.13986944163061013), (0.7925641245676527, -4.669933850324046))
((0.5175161544256605, 0.10830464170979592), (-8.676055813115116, 13.322921558781907))
((-0.18474411902634158, 0.05541152169727825), (-3.192731822763552, 2.979192784619393))
((0.01486211093500992, -0.04423808363293279), (0.4651848567205229, -0.9859555772474078))
((0.16388523963485357, -0.04585688770781224), (3.3953708290012825, -3.935198111097648))
((-0.51462521351307, -0.1817991116728465), (-0.0294432946181562, 6.392153479138038))
((0.18683301157681267, -0.10276573632577793), (-2.2629719226139375, 9.495731486711351))
((0.002253408353311821, 0.06317022587702274), (1.3767590107932712, -2.7403552520925993))
((0.27927984596171607, 0.17456598977120028), (13.400004729513434, -28.104378422850267))
((0.2623495056388063, 0.12357291940525215), (8.503187042412925, -16.32617351446239))
((0.30228198220591146, -0.02341978849584022), (-2.1598868355352625, 5.975468373598694))
((0.5531464680853534, 0.1185598836355188), (-9.637026690117175, 14.188990982005638))
((0.24388667319377, 0.03306666315823236), (1.1443690863272633, 1.0003586001222482))
((0.10583354549791651, -0.10095531385035797), (-3.642034847825033, 10.606439109235897))
((0.05067041148145337, 0.09259383777422789), (5.742075786747396, -11.46707517234565))
((0.09723432341614563, 0.027894367456560123), (1.7982799275252355, -1.4699074338266098))
((0.1817477578208654, -0.1257997306940176), (-5.036438531593414, 15.683481012906258))
((0.21988743273981168, -0.03641229673489253), (2.8660786635578903, -2.499226911128577))
((0.33082900937539333, 0.13264236049480413), (5.421139050708636, -11.849290487116727))
((0.48194486987112933, 0.08192814371259463), (-9.589940033235667, 16.723689941850374))
((0.49520049643006847, 0.19249254189976753), (2.443558319109883, -11.16832296262588))
((0.5568420551086568, 0.1742152135468972), (-3.399918159791067, -0.14997230949213503))
((0.5335564092068559, 0.15850554852037224), (-3.8174459378592385, 1.664741860055738))
((0.01702639583444937, -0.03322878935290732), (0.46444765569270496, -0.8556169639551301))
((0.2950345367047285, 0.05988240455373708), (-0.8632753352519256, 3.788407741249729))
((0.4837421682616792, 0.14022577549227233), (-2.931505003599195, 1.4958054843978346))
((0.4875367375585561, 0.19562063162238283), (3.269392222414096, -12.764377704194409))
((0.47549756204557825, 0.1593367108121247), (-0.21537475208383583, -4.382884736352647))
((0.508277579441623, 0.05005960652531049), (-14.879081359653279, 27.789949181284488))
((0.30424370117305866, 0.14948750396350816), (8.981676833238893, -18.970162523819436))
((0.033943013496975684, 0.06921201573308727), (2.699815863044503, -4.958974531128565))
((0.08575387871926357, -0.09261624183659888), (-3.068031786953104, 8.796352081908484))
((-0.562366528547624, -0.13653984629309995), (8.10669179538768, -10.362324600959038))
((0.03786451836929108, -0.0235106794991574), (0.8351577567601846, -1.1119254758242656))
((0.1232486070149218, -0.07382144458252429), (-0.15076033172832526, 3.093165419306737))
((-0.2839959662942181, -0.057363373332213016), (0.4891655219349309, -3.346146071416385))
((-0.44438680156191757, -0.013101569154099314), (10.883485635669281, -20.813189370228045))
((-0.398116951101518, 0.002652433859129414), (8.027893357046441, -15.921346949717497))
((-0.3422341398758052, 0.03866847961230395), (4.5123622517024415, -9.746522504738614))
((-0.1911406957347535, -0.14289061028554095), (-14.336350929820325, 27.516740311225494))
((-0.17590937468382675, -0.06345327551174948), (-4.8167443395985154, 6.222296462154119))
((-0.2375846953757525, 0.1848084961892105), (13.797194910446747, -34.69437649861115))
((-0.15258645993739492, 0.005268475653458842), (-3.014419842435861, 3.0764403378283784))
((-0.10778407854428379, -0.09689475099106093), (-7.361878737077241, 13.724393886980224))
((-0.23332811736509282, 0.11166942385206896), (5.05049176955707, -14.936151822905268))
((-0.2510117754858939, 0.07826013158804886), (2.2402140380526347, -7.881027842521698))
((-0.14300489320203238, -0.12201605124170035), (-10.968891168555494, 21.055086412010258))
((-0.2341337683184709, -0.09535880009791539), (-6.931871149096357, 11.701364637271325))
((-0.019767452808212828, -0.04986497220752774), (-0.1921672731547968, -0.39484317967221977))
((-0.31829444271793395, 0.05030702584989758), (3.0580567838615695, -7.24674432025755))
((-0.5004484757198564, -0.10590319330925346), (7.924259897400035, -12.244380388350274))
((-0.5493083128310466, -0.14051587546815247), (6.856715167897338, -8.00066049224591))
((-0.25441597818924133, 0.020641771584089037), (-0.7193615486295695, -1.21428264385219))
((-0.10683711361118135, 0.09910714438369386), (3.4078167224302742, -10.098270520136449))
((-0.038240144916517345, -0.08688069469149572), (-4.83503516027213, 9.71318677300316))
((-0.2067668654177883, 0.11962378736181706), (4.3700340757363385, -14.372303445515296))
((-0.30994211343069705, -0.08690182654779756), (-1.3729116094166596, 1.8565110177157127))
((-0.4509544525220735, -0.1714828426382339), (-2.676412598792835, 10.056793296490028))
((-0.5448821176203862, -0.17679398264459606), (2.378443932464794, 2.032089822162945))
((-0.4544798295638551, -0.07668849229048699), (8.539798677955014, -15.351610025274919))
((-0.024542100896585397, 0.00795075415894751), (-0.5127147789107156, 0.6063110568698457))
((-0.2193451933323383, 0.0746341645401681), (-0.09270194342885807, -3.743978731324712))
((0.516359661228864, 0.09815052684450998), (-9.784875790995486, 15.890605947042024))
((-0.1414211325592404, 0.0006611652222842626), (-2.7772770331445407, 2.7850602701412708))
((-0.025077005855478902, 0.03242967320393868), (-0.6192648925367514, 1.0010270054935175))
((0.2657725613206301, -0.04453292023663646), (0.12739992646891363, 1.9792609893306086))
((0.37655583876376764, 0.10351297964917508), (-0.7210689187986459, 0.43978052191143036))
((0.08160943819024266, 0.03049585107672007), (1.4815114576675117, -1.1225142987923629))
((0.17926352254100772, -0.12457598885458933), (-4.943132170030747, 15.408781845968818))
((0.12631926228833193, -0.014342439245850673), (2.5346636576977906, -2.7035028524999447))
((0.11183029790755662, 0.08597170107862494), (6.173361619348732, -10.916774926831152))
((0.08784042167051057, -0.019176784819228045), (1.7986787768060681, -2.0244278876980206))
((0.04035738867724356, 0.043690310842548), (0.6203711861013603, -0.10604884686288518))
((-0.030426142147424208, -0.04875380540495882), (-0.40565097652340454, -0.16827882070377076))
((-0.07320466682842472, -0.0854276262283956), (-5.352372705260944, 10.01513888584357))
((-0.23854740264680407, 0.12623388182362502), (7.0562162383731355, -19.309508179197593))
((-0.2450272498498004, -0.06114339809030256), (-2.3025357307990126, 1.5646093489363637))
((-0.37834009193865376, -0.034985772709521766), (6.981458923368085, -14.52691511725073))
((-0.4375864961442472, -0.16680935471702057), (-2.9410900209432285, 10.163447206167866))
((0.35500354349419655, 0.015227821346240754), (-5.494867927142244, 11.874271579798057))
((0.06534818177699929, 0.005134436769365856), (1.2619837965817344, -1.2015412069327596))
((0.09702413844925295, 0.022371195067506355), (1.8158290269294481, -1.5524753185947633))
((0.053734525940188356, 0.11167418661286017), (8.016964284220858, -16.5702056174719))
((0.10434115276503915, -0.019280671201108476), (2.1228307710432177, -2.3498028324226667))
((0.15505386382674993, -0.12257802139146216), (-5.186209602754535, 15.355704557568194))
((0.117213606679349, 0.06207748159915964), (3.5054367171528833, -4.70705765963312))
((-0.3960170043773971, -0.1527168435062512), (-3.8152536025243737, 10.611485706673086))
((0.015661377768517653, 0.007416482021252497), (0.27817395636692155, -0.19086713001273717))
((0.15817369632097183, -0.0965227848940201), (-2.100610857540813, 8.407990216811626))
((0.561289215047907, 0.09209709828700703), (-13.200380023830007, 22.000579940859822))
((-0.3542068910381986, -0.19718640544427035), (-11.501597117462701, 26.56186798212807))
((0.06869185254753724, -0.03860643624941579), (1.4992258028253882, -1.953700770353511))
((0.009470901287754336, 0.07009119664068618), (2.321724824530031, -4.711202720185664))
((-0.3168690118618944, 0.08347999041197546), (6.822574303281659, -15.871406796543738))
((0.5579572355118835, 0.13846531143289995), (-7.616958390322237, 9.410811627721685))
((-0.364228494942991, -0.20742640245304475), (-12.08511056648183, 28.26237155157211))
((-0.07579135973731406, -0.04023899173136035), (-1.329128674492244, 0.8554352638306699))
((-0.036348856159628594, 0.017077005790742804), (-0.7801747285747878, 0.9812052407434121))
((0.004604870929602586, 0.012321509416218991), (0.04199796468955942, 0.10305084415817056))
((-0.32363296852701895, -0.10413854857818365), (-2.547027525099839, 5.037957562666087))
((0.3580850119712723, 0.17764793149881292), (8.999488273830785, -21.008485385185935))
((0.06383913454805328, 0.08172925876878315), (4.73932926067808, -8.85389382945727))
((0.05035587056242972, -0.023512531543893173), (1.0802453542131079, -1.3570348755478183))
((0.5300013994075639, 0.19509348715668456), (0.6441871189706063, -8.362448556929081))
((0.40232894190797364, 0.11348542411010823), (-1.1196874233985303, 0.39112765472436095))
((0.44284862598904207, 0.08506135632023346), (-6.865618040990952, 11.971088355917074))
((0.46989498356508463, 0.03004110534340848), (-12.490140405027358, 23.639583639733356))
((0.22260013171513265, -0.051607432540874326), (2.5690197074257615, -2.0153479281517344))
((0.0858956294704322, -0.027017427313404868), (1.7912886349876804, -2.1093377893210827))
((0.023829657182483352, 0.09174483800411083), (5.116911690085496, -10.716065537758837))
((0.1865235355089193, -0.11556259338449397), (-3.7544518230135315, 12.884063915210309))
((0.25994954709810886, 0.19023145031516353), (16.38555217299912, -34.185197706390824))
((0.23059332992080925, 0.13088758767690167), (11.269682366565583, -21.447154515904995))
((0.26061958671930147, -0.022732383871785073), (0.352991228201458, 1.8041866176319488))
((0.44644473992737366, 0.14453937839817876), (-0.17878050986782945, -3.3882128742424626))
((0.38098636573408934, 0.09887614602145524), (-1.52680923743788, 2.1100504943331906))
((-0.11040445032163283, 0.04214417142939888), (-2.3315090439993975, 2.827630230066281))
((0.05490233367412987, -0.06922850037157739), (-0.9585836224447914, 3.2201857755229666))
((-0.01171547736453584, 0.10939057593078688), (6.467762825849832, -14.682509114918515))
((-0.15489319237571197, -0.046171045687721), (-2.857829251132852, 2.3143037012970002))
((0.2644049044770177, 0.066262656774567), (1.7267360154423101, -0.9725209247421187))
((-0.5082081259999038, -0.13221922551637794), (5.338127826835116, -6.067861506989608))
((0.5292442699874317, 0.09771643256694722), (-10.613236395200175, 17.298695828164))
((-0.0006409544567279948, 0.04003405842788203), (-0.16966917171201237, 0.6409501075250397))
((0.5235584186955631, 0.12133232863196487), (-7.5286859425541515, 10.486174281917794))
((0.02677234651440539, 0.026397204475528888), (0.4216908082506584, -0.11094291716473231))
((0.11004877424792764, -0.04945303333362463), (2.3532106535454833, -2.935371761948913))
((-0.07242823957489046, 0.06839065631995066), (0.5174717625352436, -2.6548819675288904))
((-0.07613523875063818, 0.048942499689430354), (-1.6858237530688458, 2.26197485941282))
((-0.2707618803624812, 0.06042727346429804), (1.3627585309284784, -5.150247636493701))
((-0.10056350301203858, 0.047844971589375895), (-2.160799597612908, 2.7240306031630412))
((-0.05766639465632479, -0.050404217339300145), (-0.9821345950336954, 0.4534509228034764))
((-0.09274085090985146, -0.0032639320398387965), (-1.8067678255269581, 1.768344817553976))
((-0.19877569117087016, 0.07406006846132225), (-1.303382554056029, -1.674393273828847))
((-0.21652908968368434, -0.06834259790801049), (-4.858908959669365, 6.32803197503057))
((-0.40089167856874586, -0.10594526321142801), (1.9081371794511606, -2.239749846897448))
((-0.5215480814830245, -0.1543605690204468), (3.5735157503276405, -1.5548805848858436))
((-0.5437496704374466, -0.1620320182769436), (4.023576547498523, -1.7558813598415988))
((-0.35578970922139525, -0.12774950150953168), (-3.3460684944325516, 8.050533235331603))
((-0.05098194361834064, 0.056383859390369176), (-0.4554528711953506, 0.09778616147970842))
((-0.20564349168212756, 0.07311645811136203), (-1.0961799804986763, -1.967466039717399))
((-0.19705321225868117, 0.14038325466754523), (6.428942644274662, -19.23767171713556))
((-0.20247524470251965, 0.12070064851072801), (4.23590375166941, -14.226129267218392))
((-0.09515580450349052, -0.08193962533559453), (-5.378180834812957, 9.523927619057464))
((0.5467782468184857, 0.11484167658619801), (-9.684108091480661, 14.532485927201137))
((-0.536183695034634, -0.11295694063189665), (9.26318166540318, -13.967148070803773))
((0.3415840482648947, 0.10455953844125053), (1.512008149872253, -3.3472974833461446))
((-0.18548880771286144, 0.03680506658949979), (-3.7837134886235386, 4.21698273251513))
((0.036677111926026726, 0.023055084615551752), (0.6291367839572193, -0.35773232786294407))
((0.20798211182461576, -0.09493201331510373), (-1.5772882895342835, 7.968155232190112))
((0.5312610593874242, 0.08982524453957398), (-11.650987680637094, 19.586813708522097))
((-0.0062640120043594635, -0.055617201714676615), (-0.5787222217583354, 0.8227487975214206))
((-0.15812780763659837, 0.012154131647852132), (-3.150160398416232, 3.2932388361747473))
((-0.5255101052093452, -0.11680319556195903), (8.17225242449031, -11.879152561106057))
((-0.04727834348102798, -0.044878533531472524), (-0.7514977335202708, 0.2231876367877762))
((-0.06087243052124412, 0.025772431804180148), (-1.2954481092264127, 1.5988411764252215))
((-0.4430463485697105, -0.09212035715341933), (6.058175949698831, -10.125213592350217))
((-0.5318721298372712, -0.11234091090658867), (9.074355625181257, -13.697172276810289))
((-0.471641252156428, -0.19605236858163672), (-4.27927593027694, 14.474076334138665))
((-0.4257874881898632, -0.09966626695916997), (4.14018693335133, -6.398355042122018))
((-0.29974683747998065, -0.1271054304820452), (-6.655175901592646, 13.505886151886013))
((-0.24665543507623994, -0.09451123591667832), (-6.0774310503609845, 10.22042512476878))
((-0.12408899527767113, 0.085479157426918), (1.4874525901390303, -6.157857137216233))
((-0.006700169286690985, -0.0963070358971472), (-5.310392820202139, 11.585792137164475))
((-0.26008216281741564, 0.08097283116974881), (3.102763341775325, -9.50849067310148))
((-0.17898065288421505, 0.002672232797125302), (-3.522086251084219, 3.553543775571978))
((-0.11697920279754585, -0.10695737833522469), (-8.710316606527396, 16.564394882401086))
((-0.2897159962499019, 0.12541351385426255), (10.050550887716469, -24.228985069302183))
((-0.20737171691130202, -0.07330382996297118), (-5.987711099677428, 8.558522530976639))
((-0.12787426269344002, -0.13160520076647123), (-11.785098318214214, 23.292674017426716))
((-0.21421516033868027, 0.14884838337621376), (8.212036330026912, -22.84414091466354))
((-0.20326198913044144, 0.09411807692918793), (1.197808801328475, -7.279222673605803))
((-0.0855582793257365, -0.12971738015213954), (-10.735728058910706, 21.963475884102053))
((0.030256070992349046, 0.0161425351684768), (0.5302808048687854, -0.34025088086547645))
((0.2719532946110177, -0.02733961719416511), (-0.31325927074334814, 2.8695490815743474))
((0.5245411665030499, 0.2207882029892638), (3.9564158167276275, -15.701762909298225))
((0.2869327265499742, 0.0109032623439713), (-1.3677824305251898, 4.97344469683739))
((0.059853211344437995, -0.010785236990839069), (1.2166412765299262, -1.3436050863860836))
((0.05788749903918752, 0.05000025548547981), (0.9395823868814132, -0.3510202569831137))
((0.2713291941057476, 0.005695468400951547), (-0.40520575811037673, 3.3254205763562847))
((0.4886542360889297, 0.1110765967782635), (-6.611615727415875, 9.693123383724632))
((0.5469361297049572, 0.1934416465763354), (-0.5700709435906113, -6.225952256928139))
((0.4177609800352098, 0.13693802653583348), (0.6708103936474377, -4.258420989592569))
((0.21535209382332623, -0.02306088102753999), (3.087531472099627, -2.7449204106227776))
((0.08606192484051851, -0.014149703352612121), (1.7440584013266234, -1.9106287091935732))
((0.04567792359016765, 0.045842909437464094), (0.7163132842064803, -0.17665055430865295))
((0.1444868765942433, -0.07327651032406016), (0.32918830640344554, 2.5324422659113437))
((0.306990787903972, 0.04021530323244804), (-2.6939086235259593, 7.44695468933722))
((0.5426912484520161, 0.18606809344998865), (-1.169657566231848, -4.703193851592417))
((0.39846346897276774, 0.13244725564414847), (1.3147233895744606, -5.008576440284589))
((0.20004683297675255, 0.042931136168547615), (3.752710446538301, -3.2454517924920565))
((0.1685067388949325, -0.12754510466828245), (-5.498823352356986, 16.404579127127164))
((0.01678890179607571, 0.09376569888497849), (5.213345517011772, -11.112047531334365))
((0.13001198628639557, -0.0916225150528901), (-2.084339886340193, 7.665362047599989))
((0.21120400729190317, -0.004351281263725634), (3.2645764673937463, -2.867639458754198))
((0.29215136695021965, 0.10462525874230288), (4.504381997317288, -8.326720172162574))
((0.39571760757990315, 0.07418206126862907), (-5.282672201857173, 10.115517927326955))
((0.4885378236133751, 0.18154740440463166), (1.5753827238964337, -8.944278439451171))
((-0.030316781431238983, -0.006194196238114014), (-0.5705092256425495, 0.4975911475274713))
((-0.07664830024465306, 0.02284097497684908), (-1.593467636609249, 1.8623515940367166))
((0.42564195395814497, 0.14693528469537998), (1.3553989263081299, -6.109644147809107))
((-0.41513130688245475, -0.19527700957340005), (-7.601345853679366, 19.94161415342711))
((0.08077330828190098, -0.03950150014866923), (1.7397761950742754, -2.2047878548244095))
((0.002786408870017513, 0.06985563851486085), (2.1632324382807337, -4.517794024061529))
((-0.32490049428075296, 0.04777010236703436), (3.430041962983627, -7.863712089149021))
((0.5375367624230639, 0.22070835694734103), (3.162473525914958, -14.37616136258287))
((-0.37421714546825763, -0.031315460834733716), (6.718113111688901, -14.055444535365698))
((-0.05584225244306336, -0.0973928538754871), (-6.400597899383949, 12.836945843639654))
((-0.027117327366084156, -0.006472468985322118), (-0.5066439946241672, 0.43045008972895527))
((0.27001194218849384, 0.0017300459451713949), (-0.31010976963011494, 3.1309535580364294))
((-0.5253649589151852, -0.14739810803520104), (4.612153431004897, -3.778225029770528))
((0.4443299193054247, 0.1486030387454917), (0.42060579776014606, -4.6745402527099))
((-0.01729861978377331, -0.05240638363733994), (-0.42252230724550316, 0.19061574104112744))
((-0.08634934709781117, 0.0921072034117048), (2.997261553157994, -8.650128100468175))
((0.18569732348378584, -0.10957306641410015), (-3.075421770331217, 11.317218258760459))
((-0.3781165772418457, -0.10389692324647172), (0.770739671105197, -0.4949696218010171))
((0.5094011956555252, 0.07849396416178732), (-11.646378809637001, 20.3874233160846))
((-0.5129675568001789, -0.17389769817777426), (0.7876318659114876, 4.470173867576477))
((0.24402730052224153, -0.038710856569502926), (1.4175329956457845, -0.11214517829230974))
((-0.18844239976648758, 0.06355499521809364), (-2.3200302584830474, 0.8994004272954621))
((0.0822910485669728, 0.05965324740183636), (2.538860718299565, -3.3811422741789654))
((0.1623978857493699, -0.14766749454040312), (-7.954405577869203, 21.84286295860408))
((0.18054656029223223, -0.03170562456134871), (3.666736383712329, -4.039974996048526))
